$0	$360	$0	$0	$0	$0	$0	$0	$0	$0	$0	$0	$0
360	370	1	0	0	0	0	0	0	0	0	0	0
370	380	2	0	0	0	0	0	0	0	0	0	0
380	390	3	0	0	0	0	0	0	0	0	0	0
390	400	4	0	0	0	0	0	0	0	0	0	0
400	410	5	0	0	0	0	0	0	0	0	0	0
410	420	6	0	0	0	0	0	0	0	0	0	0
420	430	7	0	0	0	0	0	0	0	0	0	0
430	440	8	0	0	0	0	0	0	0	0	0	0
440	450	9	0	0	0	0	0	0	0	0	0	0
450	460	10	0	0	0	0	0	0	0	0	0	0
460	470	11	0	0	0	0	0	0	0	0	0	0
470	480	12	0	0	0	0	0	0	0	0	0	0
480	490	13	0	0	0	0	0	0	0	0	0	0
490	500	14	0	0	0	0	0	0	0	0	0	0
500	520	16	0	0	0	0	0	0	0	0	0	0
520	540	18	1	0	0	0	0	0	0	0	0	0
540	560	20	3	0	0	0	0	0	0	0	0	0
560	580	22	5	0	0	0	0	0	0	0	0	0
580	600	24	7	0	0	0	0	0	0	0	0	0
600	620	26	9	0	0	0	0	0	0	0	0	0
620	640	28	11	0	0	0	0	0	0	0	0	0
640	660	30	13	0	0	0	0	0	0	0	0	0
660	680	32	15	0	0	0	0	0	0	0	0	0
680	700	34	17	1	0	0	0	0	0	0	0	0
700	720	36	19	3	0	0	0	0	0	0	0	0
720	740	38	21	5	0	0	0	0	0	0	0	0
740	760	40	23	7	0	0	0	0	0	0	0	0
760	780	42	25	9	0	0	0	0	0	0	0	0
780	800	44	27	11	0	0	0	0	0	0	0	0
800	820	46	29	13	0	0	0	0	0	0	0	0
820	840	48	31	15	0	0	0	0	0	0	0	0
840	860	50	33	17	0	0	0	0	0	0	0	0
860	880	52	35	19	2	0	0	0	0	0	0	0
880	900	54	37	21	4	0	0	0	0	0	0	0
900	920	56	39	23	6	0	0	0	0	0	0	0
920	940	58	41	25	8	0	0	0	0	0	0	0
940	960	60	43	27	10	0	0	0	0	0	0	0
960	980	62	45	29	12	0	0	0	0	0	0	0
980	1,000	64	47	31	14	0	0	0	0	0	0	0
1,000	1,020	66	49	33	16	0	0	0	0	0	0	0
1,020	1,040	68	51	35	18	2	0	0	0	0	0	0
1,040	1,060	70	53	37	20	4	0	0	0	0	0	0
1,060	1,080	72	55	39	22	6	0	0	0	0	0	0
1,080	1,100	74	57	41	24	8	0	0	0	0	0	0
1,100	1,120	76	59	43	26	10	0	0	0	0	0	0
1,120	1,140	79	61	45	28	12	0	0	0	0	0	0
1,140	1,160	82	63	47	30	14	0	0	0	0	0	0
1,160	1,180	85	65	49	32	16	0	0	0	0	0	0
1,180	1,200	88	67	51	34	18	2	0	0	0	0	0
1,200	1,220	91	69	53	36	20	4	0	0	0	0	0
1,220	1,240	94	71	55	38	22	6	0	0	0	0	0
1,240	1,260	97	73	57	40	24	8	0	0	0	0	0
1,260	1,280	100	75	59	42	26	10	0	0	0	0	0
1,280	1,300	103	78	61	44	28	12	0	0	0	0	0
1,300	1,320	106	81	63	46	30	14	0	0	0	0	0
1,320	1,340	109	84	65	48	32	16	0	0	0	0	0
1,340	1,360	112	87	67	50	34	18	1	0	0	0	0
1,360	1,380	115	90	69	52	36	20	3	0	0	0	0
1,380	1,400	118	93	71	54	38	22	5	0	0	0	0
1,400	1,420	121	96	73	56	40	24	7	0	0	0	0
1,420	1,440	124	99	75	58	42	26	9	0	0	0	0
1,440	1,460	127	102	78	60	44	28	11	0	0	0	0
1,460	1,480	130	105	81	62	46	30	13	0	0	0	0
1,480	1,500	133	108	84	64	48	32	15	0	0	0	0
1,500	1,520	136	111	87	66	50	34	17	1	0	0	0
1,520	1,540	139	114	90	68	52	36	19	3	0	0	0
1,540	1,560	142	117	93	70	54	38	21	5	0	0	0
1,560	1,580	145	120	96	72	56	40	23	7	0	0	0
1,580	1,600	148	123	99	74	58	42	25	9	0	0	0 
$1,600	$1,620	$151	$126	$102	$77	$60	$44	$27	$11	$0	$0	$0
1,620	1,640	154	129	105	80	62	46	29	13	0	0	0
1,640	1,660	157	132	108	83	64	48	31	15	0	0	0
1,660	1,680	160	135	111	86	66	50	33	17	0	0	0
1,680	1,700	163	138	114	89	68	52	35	19	2	0	0
1,700	1,720	166	141	117	92	70	54	37	21	4	0	0
1,720	1,740	169	144	120	95	72	56	39	23	6	0	0
1,740	1,760	172	147	123	98	74	58	41	25	8	0	0
1,760	1,780	175	150	126	101	76	60	43	27	10	0	0
1,780	1,800	178	153	129	104	79	62	45	29	12	0	0
1,800	1,820	181	156	132	107	82	64	47	31	14	0	0
1,820	1,840	184	159	135	110	85	66	49	33	16	0	0
1,840	1,860	187	162	138	113	88	68	51	35	18	2	0
1,860	1,880	190	165	141	116	91	70	53	37	20	4	0
1,880	1,900	193	168	144	119	94	72	55	39	22	6	0
1,900	1,920	196	171	147	122	97	74	57	41	24	8	0
1,920	1,940	199	174	150	125	100	76	59	43	26	10	0
1,940	1,960	202	177	153	128	103	78	61	45	28	12	0
1,960	1,980	205	180	156	131	106	81	63	47	30	14	0
1,980	2,000	208	183	159	134	109	84	65	49	32	16	0
2,000	2,020	211	186	162	137	112	87	67	51	34	18	1
2,020	2,040	214	189	165	140	115	90	69	53	36	20	3
2,040	2,060	217	192	168	143	118	93	71	55	38	22	5
2,060	2,080	220	195	171	146	121	96	73	57	40	24	7
2,080	2,100	223	198	174	149	124	99	75	59	42	26	9
2,100	2,120	226	201	177	152	127	102	78	61	44	28	11
2,120	2,140	229	204	180	155	130	105	81	63	46	30	13
2,140	2,160	232	207	183	158	133	108	84	65	48	32	15
2,160	2,180	235	210	186	161	136	111	87	67	50	34	17
2,180	2,200	238	213	189	164	139	114	90	69	52	36	19
2,200	2,220	241	216	192	167	142	117	93	71	54	38	21
2,220	2,240	244	219	195	170	145	120	96	73	56	40	23
2,240	2,260	247	222	198	173	148	123	99	75	58	42	25
2,260	2,280	250	225	201	176	151	126	102	77	60	44	27
2,280	2,300	253	228	204	179	154	129	105	80	62	46	29
2,300	2,320	256	231	207	182	157	132	108	83	64	48	31
2,320	2,340	259	234	210	185	160	135	111	86	66	50	33
2,340	2,360	262	237	213	188	163	138	114	89	68	52	35
2,360	2,380	265	240	216	191	166	141	117	92	70	54	37
2,380	2,400	268	243	219	194	169	144	120	95	72	56	39
2,400	2,420	271	246	222	197	172	147	123	98	74	58	41
2,420	2,440	274	249	225	200	175	150	126	101	76	60	43
2,440	2,460	277	252	228	203	178	153	129	104	79	62	45
2,460	2,480	280	255	231	206	181	156	132	107	82	64	47
2,480	2,500	283	258	234	209	184	159	135	110	85	66	49
2,500	2,520	286	261	237	212	187	162	138	113	88	68	51
2,520	2,540	289	264	240	215	190	165	141	116	91	70	53
2,540	2,560	292	267	243	218	193	168	144	119	94	72	55
2,560	2,580	295	270	246	221	196	171	147	122	97	74	57
2,580	2,600	298	273	249	224	199	174	150	125	100	76	59
2,600	2,620	301	276	252	227	202	177	153	128	103	79	61
2,620	2,640	304	279	255	230	205	180	156	131	106	82	63
2,640	2,660	307	282	258	233	208	183	159	134	109	85	65
2,660	2,680	310	285	261	236	211	186	162	137	112	88	67
2,680	2,700	313	288	264	239	214	189	165	140	115	91	69
2,700	2,720	316	291	267	242	217	192	168	143	118	94	71
2,720	2,740	319	294	270	245	220	195	171	146	121	97	73
2,740	2,760	322	297	273	248	223	198	174	149	124	100	75
2,760	2,780	325	300	276	251	226	201	177	152	127	103	78
2,780	2,800	328	303	279	254	229	204	180	155	130	106	81
2,800	2,820	331	306	282	257	232	207	183	158	133	109	84
2,820	2,840	334	309	285	260	235	210	186	161	136	112	87
2,840	2,860	337	312	288	263	238	213	189	164	139	115	90
2,860	2,880	340	315	291	266	241	216	192	167	142	118	93
2,880	2,900	343	318	294	269	244	219	195	170	145	121	96
2,900	2,920	346	321	297	272	247	222	198	173	148	124	99
