$0	$115	$0	$0	$0	$0	$0	$0	$0	$0	$0	$0	$0
115	120	2	0	0	0	0	0	0	0	0	0	0
120	125	3	0	0	0	0	0	0	0	0	0	0
125	130	3	0	0	0	0	0	0	0	0	0	0
130	135	4	0	0	0	0	0	0	0	0	0	0
135	140	4	0	0	0	0	0	0	0	0	0	0
140	145	5	0	0	0	0	0	0	0	0	0	0
145	150	5	0	0	0	0	0	0	0	0	0	0
150	155	6	0	0	0	0	0	0	0	0	0	0
155	160	6	0	0	0	0	0	0	0	0	0	0
160	165	7	0	0	0	0	0	0	0	0	0	0
165	170	7	0	0	0	0	0	0	0	0	0	0
170	175	8	0	0	0	0	0	0	0	0	0	0
175	180	8	0	0	0	0	0	0	0	0	0	0
180	185	9	0	0	0	0	0	0	0	0	0	0
185	190	9	0	0	0	0	0	0	0	0	0	0
190	195	10	0	0	0	0	0	0	0	0	0	0
195	200	10	0	0	0	0	0	0	0	0	0	0
200	205	11	0	0	0	0	0	0	0	0	0	0
205	210	11	0	0	0	0	0	0	0	0	0	0
210	215	12	0	0	0	0	0	0	0	0	0	0
215	220	12	0	0	0	0	0	0	0	0	0	0
220	225	13	0	0	0	0	0	0	0	0	0	0
225	230	13	0	0	0	0	0	0	0	0	0	0
230	235	14	0	0	0	0	0	0	0	0	0	0
235	240	14	0	0	0	0	0	0	0	0	0	0
240	245	15	0	0	0	0	0	0	0	0	0	0
245	250	15	0	0	0	0	0	0	0	0	0	0
250	260	16	0	0	0	0	0	0	0	0	0	0
260	270	17	1	0	0	0	0	0	0	0	0	0
270	280	18	2	0	0	0	0	0	0	0	0	0
280	290	19	3	0	0	0	0	0	0	0	0	0
290	300	20	4	0	0	0	0	0	0	0	0	0
300	310	21	5	0	0	0	0	0	0	0	0	0
310	320	22	6	0	0	0	0	0	0	0	0	0
320	330	23	7	0	0	0	0	0	0	0	0	0
330	340	24	8	0	0	0	0	0	0	0	0	0
340	350	25	9	0	0	0	0	0	0	0	0	0
350	360	26	10	0	0	0	0	0	0	0	0	0
360	370	27	11	0	0	0	0	0	0	0	0	0
370	380	28	12	0	0	0	0	0	0	0	0	0
380	390	29	13	0	0	0	0	0	0	0	0	0
390	400	30	14	0	0	0	0	0	0	0	0	0
400	410	31	15	0	0	0	0	0	0	0	0	0
410	420	32	16	0	0	0	0	0	0	0	0	0
420	430	33	17	0	0	0	0	0	0	0	0	0
430	440	34	18	1	0	0	0	0	0	0	0	0
440	450	35	19	2	0	0	0	0	0	0	0	0
450	460	36	20	3	0	0	0	0	0	0	0	0
460	470	37	21	4	0	0	0	0	0	0	0	0
470	480	38	22	5	0	0	0	0	0	0	0	0
480	490	40	23	6	0	0	0	0	0	0	0	0
490	500	41	24	7	0	0	0	0	0	0	0	0
500	520	44	25	9	0	0	0	0	0	0	0	0
520	540	47	27	11	0	0	0	0	0	0	0	0
540	560	50	29	13	0	0	0	0	0	0	0	0
560	580	53	31	15	0	0	0	0	0	0	0	0
580	600	56	33	17	0	0	0	0	0	0	0	0
600	620	59	35	19	2	0	0	0	0	0	0	0
620	640	62	37	21	4	0	0	0	0	0	0	0
640	660	65	40	23	6	0	0	0	0	0	0	0
660	680	68	43	25	8	0	0	0	0	0	0	0
680	700	71	46	27	10	0	0	0	0	0	0	0
700	720	74	49	29	12	0	0	0	0	0	0	0
720	740	77	52	31	14	0	0	0	0	0	0	0
740	760	80	55	33	16	0	0	0	0	0	0	0
760	780	83	58	35	18	2	0	0	0	0	0	0
780	800	86	61	37	20	4	0	0	0	0	0	0 
$800	$820	$89	$64	$39	$22	$6	$0	$0	$0	$0	$0	$0
820	840	92	67	42	24	8	0	0	0	0	0	0
840	860	95	70	45	26	10	0	0	0	0	0	0
860	880	98	73	48	28	12	0	0	0	0	0	0
880	900	101	76	51	30	14	0	0	0	0	0	0
900	920	104	79	54	32	16	0	0	0	0	0	0
920	940	107	82	57	34	18	1	0	0	0	0	0
940	960	110	85	60	36	20	3	0	0	0	0	0
960	980	113	88	63	38	22	5	0	0	0	0	0
980	1,000	116	91	66	41	24	7	0	0	0	0	0
1,000	1,020	119	94	69	44	26	9	0	0	0	0	0
1,020	1,040	122	97	72	47	28	11	0	0	0	0	0
1,040	1,060	125	100	75	50	30	13	0	0	0	0	0
1,060	1,080	128	103	78	53	32	15	0	0	0	0	0
1,080	1,100	131	106	81	56	34	17	1	0	0	0	0
1,100	1,120	134	109	84	59	36	19	3	0	0	0	0
1,120	1,140	137	112	87	62	38	21	5	0	0	0	0
1,140	1,160	140	115	90	65	41	23	7	0	0	0	0
1,160	1,180	143	118	93	68	44	25	9	0	0	0	0
1,180	1,200	146	121	96	71	47	27	11	0	0	0	0
1,200	1,220	149	124	99	74	50	29	13	0	0	0	0
1,220	1,240	152	127	102	77	53	31	15	0	0	0	0
1,240	1,260	155	130	105	80	56	33	17	0	0	0	0
1,260	1,280	158	133	108	83	59	35	19	2	0	0	0
1,280	1,300	161	136	111	86	62	37	21	4	0	0	0
1,300	1,320	164	139	114	89	65	40	23	6	0	0	0
1,320	1,340	167	142	117	92	68	43	25	8	0	0	0
1,340	1,360	170	145	120	95	71	46	27	10	0	0	0
1,360	1,380	173	148	123	98	74	49	29	12	0	0	0
1,380	1,400	176	151	126	101	77	52	31	14	0	0	0
1,400	1,420	179	154	129	104	80	55	33	16	0	0	0
1,420	1,440	182	157	132	107	83	58	35	18	2	0	0
1,440	1,460	185	160	135	110	86	61	37	20	4	0	0
1,460	1,480	188	163	138	113	89	64	39	22	6	0	0
1,480	1,500	191	166	141	116	92	67	42	24	8	0	0
1,500	1,520	194	169	144	119	95	70	45	26	10	0	0
1,520	1,540	197	172	147	122	98	73	48	28	12	0	0
1,540	1,560	200	175	150	125	101	76	51	30	14	0	0
1,560	1,580	203	178	153	128	104	79	54	32	16	0	0
1,580	1,600	206	181	156	131	107	82	57	34	18	2	0
1,600	1,620	209	184	159	134	110	85	60	36	20	4	0
1,620	1,640	212	187	162	137	113	88	63	39	22	6	0
1,640	1,660	216	190	165	140	116	91	66	42	24	8	0
1,660	1,680	221	193	168	143	119	94	69	45	26	10	0
1,680	1,700	226	196	171	146	122	97	72	48	28	12	0
1,700	1,720	231	199	174	149	125	100	75	51	30	14	0
1,720	1,740	236	202	177	152	128	103	78	54	32	16	0
1,740	1,760	241	205	180	155	131	106	81	57	34	18	1
1,760	1,780	246	208	183	158	134	109	84	60	36	20	3
1,780	1,800	251	211	186	161	137	112	87	63	38	22	5
1,800	1,820	256	215	189	164	140	115	90	66	41	24	7
1,820	1,840	261	220	192	167	143	118	93	69	44	26	9
1,840	1,860	266	225	195	170	146	121	96	72	47	28	11
1,860	1,880	271	230	198	173	149	124	99	75	50	30	13
1,880	1,900	276	235	201	176	152	127	102	78	53	32	15
1,900	1,920	281	240	204	179	155	130	105	81	56	34	17
1,920	1,940	286	245	207	182	158	133	108	84	59	36	19
1,940	1,960	291	250	210	185	161	136	111	87	62	38	21
1,960	1,980	296	255	214	188	164	139	114	90	65	40	23
1,980	2,000	301	260	219	191	167	142	117	93	68	43	25
2,000	2,020	306	265	224	194	170	145	120	96	71	46	27
2,020	2,040	311	270	229	197	173	148	123	99	74	49	29
2,040	2,060	316	275	234	200	176	151	126	102	77	52	31
2,060	2,080	321	280	239	203	179	154	129	105	80	55	33
2,080	2,100	326	285	244	206	182	157	132	108	83	58	35
2,100	2,120	331	290	249	209	185	160	135	111	86	61	37
2,120	2,140	336	295	254	213	188	163	138	114	89	64	40
